# energy
-4.917943105000000514e+01
-4.878163105000000144e+01
-4.838393105000000105e+01
-4.798623105000000066e+01
-4.758853105000000028e+01
-4.719083104999999989e+01
-4.679313104999999950e+01
-4.639543104999999912e+01
-4.599773104999999873e+01
-4.560003104999999834e+01
-4.520233105000000506e+01
-4.480453105000000136e+01
-4.440683105000000097e+01
-4.400913105000000058e+01
-4.361143105000000020e+01
-4.321373104999999981e+01
-4.281603104999999942e+01
-4.241833104999999904e+01
-4.202063104999999865e+01
-4.162293104999999827e+01
-4.122523104999999788e+01
-4.082743105000000128e+01
-4.042973105000000089e+01
-4.003203105000000050e+01
-3.963433105000000012e+01
-3.923663104999999973e+01
-3.883893104999999935e+01
-3.844123104999999896e+01
-3.804353104999999857e+01
-3.764583104999999819e+01
-3.724813104999999780e+01
-3.685033105000000120e+01
-3.645263105000000081e+01
-3.605493105000000043e+01
-3.565723105000000004e+01
-3.525953104999999965e+01
-3.486183104999999927e+01
-3.446413104999999888e+01
-3.406643104999999849e+01
-3.366873104999999811e+01
-3.327103104999999772e+01
-3.287323105000000112e+01
-3.247553105000000073e+01
-3.207783105000000035e+01
-3.168013104999999996e+01
-3.128243104999999957e+01
-3.088473104999999919e+01
-3.048703104999999880e+01
-3.008933104999999841e+01
-2.969163104999999803e+01
-2.929383105000000143e+01
-2.889613105000000104e+01
-2.849843105000000065e+01
-2.810073105000000027e+01
-2.770303104999999988e+01
-2.730533104999999949e+01
-2.690763104999999911e+01
-2.650993104999999872e+01
-2.611223104999999833e+01
-2.571453104999999795e+01
-2.531673105000000135e+01
-2.491903105000000096e+01
-2.452133105000000057e+01
-2.412363105000000019e+01
-2.372593104999999980e+01
-2.332823104999999941e+01
-2.293053104999999903e+01
-2.253283104999999864e+01
-2.213513104999999825e+01
-2.173743104999999787e+01
-2.133963105000000127e+01
-2.094193105000000088e+01
-2.054423105000000049e+01
-2.014653105000000011e+01
-1.974883104999999972e+01
-1.935113104999999933e+01
-1.895343104999999895e+01
-1.855573104999999856e+01
-1.815803104999999817e+01
-1.776033105000000134e+01
-1.736253105000000119e+01
-1.696483105000000080e+01
-1.656713105000000041e+01
-1.616943105000000003e+01
-1.577173104999999964e+01
-1.537403104999999925e+01
-1.497633104999999887e+01
-1.457863105000000026e+01
-1.418093104999999987e+01
-1.378313104999999972e+01
-1.338543105000000111e+01
-1.298773105000000072e+01
-1.259003105000000033e+01
-1.219233104999999995e+01
-1.179463104999999956e+01
-1.139693104999999917e+01
-1.099923105000000056e+01
-1.060153105000000018e+01
-1.020383104999999979e+01
-9.806031049999999638e+00
-9.408331050000001028e+00
-9.010631050000000641e+00
-8.612931050000000255e+00
-8.215231049999999868e+00
-7.817531049999999482e+00
-7.419831049999999983e+00
-7.022131050000000485e+00
-6.624431050000000099e+00
-6.226731049999999712e+00
-5.828931050000000447e+00
-5.431231050000000060e+00
-5.033531049999999674e+00
-4.635831050000000175e+00
-4.238131049999999789e+00
-3.840431050000000290e+00
-3.442731049999999904e+00
-3.045031050000000405e+00
-2.647331050000000019e+00
-2.249631049999999632e+00
-1.851831049999999479e+00
-1.454131050000000869e+00
-1.056431050000000482e+00
-6.587310500000000957e-01
-2.610310499999997091e-01
1.366689500000006774e-01
5.343689499999992876e-01
9.320689499999996741e-01
1.329768950000000061e+00
1.727568950000000214e+00
2.125268950000000601e+00
2.522968949999999211e+00
2.920668949999999597e+00
3.318368949999999984e+00
3.716068950000000370e+00
4.113768950000000757e+00
4.511468949999999367e+00
4.909168949999999754e+00
5.306868950000000140e+00
5.704668950000000294e+00
6.102368950000000680e+00
6.500068950000001067e+00
6.897768950000001453e+00
7.295468949999998287e+00
7.693168949999998674e+00
8.090868949999999060e+00
8.488568949999999447e+00
8.886268949999999833e+00
9.283968950000000220e+00
9.681768950000000373e+00
1.007946895000000076e+01
1.047716895000000115e+01
1.087486895000000153e+01
1.127256894999999837e+01
1.167026894999999875e+01
1.206796894999999914e+01
1.246566894999999953e+01
1.286336894999999991e+01
1.326106895000000030e+01
1.365886895000000045e+01
1.405656895000000084e+01
1.445426895000000123e+01
1.485196895000000161e+01
1.524966894999999845e+01
1.564736894999999883e+01
1.604506895000000100e+01
1.644276895000000138e+01
1.684046895000000177e+01
1.723816895000000216e+01
1.763596894999999876e+01
1.803366894999999914e+01
1.843136894999999953e+01
1.882906894999999992e+01
1.922676895000000030e+01
1.962446895000000069e+01
2.002216895000000108e+01
2.041986895000000146e+01
2.081756895000000185e+01
2.121536894999999845e+01
2.161306894999999884e+01
2.201076894999999922e+01
2.240846894999999961e+01
2.280616895000000000e+01
2.320386895000000038e+01
2.360156895000000077e+01
2.399926895000000115e+01
2.439696895000000154e+01
2.479466894999999482e+01
2.519246894999999853e+01
2.559016894999999892e+01
2.598786894999999930e+01
2.638556894999999969e+01
2.678326895000000007e+01
2.718096895000000046e+01
2.757866895000000085e+01
2.797636895000000123e+01
2.837406895000000162e+01
2.877176894999999490e+01
2.916956894999999861e+01
2.956726894999999899e+01
2.996496894999999938e+01
3.036266894999999977e+01
3.076036895000000015e+01
3.115806895000000054e+01
3.155576895000000093e+01
3.195346895000000131e+01
3.235116894999999460e+01
3.274886894999999498e+01
3.314666894999999869e+01
3.354436894999999907e+01
3.394206894999999946e+01
3.433976894999999985e+01
3.473746895000000023e+01
3.513516895000000062e+01
3.553286895000000101e+01
3.593056895000000139e+01
3.632826894999999467e+01
3.672606894999999838e+01
3.712376894999999877e+01
3.752146894999999915e+01
3.791916894999999954e+01
3.831686894999999993e+01
3.871456895000000031e+01
3.911226895000000070e+01
3.950996895000000109e+01
3.990766895000000147e+01
4.030536894999999475e+01
4.070316894999999846e+01
4.110086894999999885e+01
4.149856894999999923e+01
4.189626894999999962e+01
4.229396895000000001e+01
4.269166895000000039e+01
4.308936895000000078e+01
4.348706895000000117e+01
4.388476895000000155e+01
4.428246894999999483e+01
4.468026894999999854e+01
4.507796894999999893e+01
4.547566894999999931e+01
4.587336894999999970e+01
4.627106895000000009e+01
4.666876895000000047e+01
4.706646895000000086e+01
4.746416895000000125e+01
4.786186895000000163e+01
4.825956894999999491e+01
4.865736894999999862e+01
4.905506894999999901e+01
4.945276894999999939e+01
4.985046894999999978e+01
5.024816895000000017e+01
5.064586895000000055e+01
5.104356895000000094e+01
5.144126895000000133e+01
5.183896894999999461e+01
5.223676894999999831e+01
5.263446894999999870e+01
5.303216894999999909e+01
5.342986894999999237e+01
5.382756894999999275e+01
5.422526894999999314e+01
5.462296894999999353e+01
5.502066894999999391e+01
5.541836894999999430e+01
5.581606894999999469e+01
5.621386894999999839e+01
5.661156894999999878e+01
5.700926894999999917e+01
5.740696894999999955e+01
5.780466894999999994e+01
5.820236895000000032e+01
5.860006895000000071e+01
5.899776895000000110e+01
5.939546895000000148e+01
5.979316895000000187e+01
6.019096894999999137e+01
6.058866894999999175e+01
6.098636894999999214e+01
6.138406894999999253e+01
6.178176894999999291e+01
6.217946894999999330e+01
6.257716894999999369e+01
6.297486894999999407e+01
6.337256894999999446e+01
6.377026894999999485e+01
6.416806895000000566e+01
6.456576895000000604e+01
6.496346895000000643e+01
6.536116895000000682e+01
6.575886895000000720e+01
6.615656895000000759e+01
6.655426895000000798e+01
6.695196895000000836e+01
6.734966895000000875e+01
6.774736895000000914e+01
6.814516894999999863e+01
6.854286894999999902e+01
6.894056894999999940e+01
6.933826894999999979e+01
6.973596895000000018e+01
7.013366895000000056e+01
